1 4
2 9
3 16
4 14
5 3
6 17
7 7
8 19
9 9
10 10
11 17
12 3
13 8
14 19
15 19
16 14
17 9
18 7
19 11
20 5
21 5
22 16
23 2
24 18
25 18
26 13
27 12
28 2
29 11
30 18
31 16
32 18
33 7
34 18
35 1
36 7
37 15
38 5
39 8
40 19
41 3
42 13
43 17
44 8
45 8
46 14
47 7
48 7
49 8
50 4
51 14
52 3
53 9
54 9
55 17
56 17
57 14
58 12
59 14
60 13
61 7
62 18
63 9
64 9
65 18
66 2
67 18
68 19
69 2
70 2
71 5
72 3
73 20
74 8
75 5
76 3
77 5
78 1
79 8
80 9
81 16
82 8
83 9
84 14
85 11
86 8
87 14
88 11
89 9
90 4
91 16
92 4
93 18
94 9
95 9
96 12
97 12
98 18
99 13
100 19
101 8
102 9
103 16
104 12
105 9
106 12
107 18
108 8
109 6
110 7
111 4
112 18
113 12
114 11
115 9
116 8
117 2
118 18
119 11
120 13
121 9
122 4
123 18
124 16
125 10
126 20
127 2
128 3
129 17
130 6
131 7
132 6
133 3
134 4
135 6
136 16
137 13
138 5
139 11
140 8
141 5
142 14
143 2
144 8
145 4
146 15
147 5
148 12
149 20
150 9
151 19
152 20
153 7
154 7
155 6
156 5
157 11
158 17
159 11
160 17
161 20
162 7
163 14
164 5
165 2
166 11
167 13
168 6
169 13
170 17
171 18
172 9
173 10
174 8
175 5
176 16
177 11
178 6
179 3
180 13
181 4
182 19
183 5
184 11
185 6
186 20
187 9
188 19
189 3
190 17
191 11
192 14
193 13
194 12
195 9
196 14
197 9
198 2
199 9
200 18
201 15
202 15
203 11
204 16
205 12
206 2
207 17
208 3
209 19
210 20
211 13
212 9
213 19
214 19
215 3
216 11
217 1
218 18
219 20
220 15
221 5
222 6
223 1
224 4
225 17
226 19
227 10
228 9
229 5
230 20
231 8
232 2
233 11
234 4
235 5
236 17
237 13
238 6
239 20
240 19
241 18
242 1
243 14
244 8
245 2
246 5
247 11
248 10
249 1
250 17
251 5
252 18
253 17
254 1
255 1
256 16
257 5
258 19
259 1
260 12
261 2
262 17
263 9
264 17
265 17
266 15
267 20
268 11
269 3
270 11
271 19
272 10
273 1
274 1
275 8
276 3
277 2
278 2
279 12
280 18
281 5
282 7
283 1
284 12
285 19
286 6
287 18
288 3
289 19
290 15
291 3
292 20
293 4
294 6
295 12
296 14
297 7
298 3
299 10
300 12
301 4
302 2
303 17
304 16
305 18
306 16
307 18
308 9
309 13
310 10
311 17
312 16
313 13
314 9
315 7
316 17
317 1
318 6
319 15
320 2
321 18
322 9
323 8
324 6
325 11
326 4
327 12
328 20
329 7
330 5
331 11
332 11
333 11
334 5
335 13
336 14
337 7
338 5
339 17
340 15
341 6
342 14
343 9
344 13
345 7
346 14
347 9
348 11
349 14
350 13
351 12
352 6
353 1
354 13
355 1
356 15
357 18
358 18
359 13
360 2
361 15
362 10
363 2
364 15
365 11
366 10
367 19
368 10
369 1
370 15
371 15
372 10
373 14
374 5
375 6
376 11
377 5
378 7
379 14
380 7
381 2
382 1
383 2
384 15
385 11
386 20
387 17
388 10
389 14
390 3
391 4
392 20
393 1
394 20
395 13
396 5
397 14
398 12
399 14
400 16
401 5
402 11
403 1
404 7
405 7
406 18
407 20
408 3
409 16
410 15
411 8
412 14
413 13
414 15
415 1
416 6
417 11
418 9
419 10
420 15
421 18
422 2
423 5
424 16
425 20
426 4
427 20
428 16
429 17
430 12
431 11
432 2
433 12
434 9
435 9
436 14
437 13
438 12
439 3
440 13
441 20
442 14
443 8
444 6
445 11
446 13
447 10
448 1
449 13
450 7
451 5
452 20
453 20
454 18
455 18
456 18
457 15
458 11
459 1
460 9
461 17
462 1
463 6
464 1
465 6
466 10
467 6
468 19
469 5
470 14
471 18
472 16
473 12
474 5
475 13
476 20
477 19
478 9
479 1
480 10
481 5
482 9
483 14
484 13
485 16
486 15
487 6
488 11
489 5
490 16
491 5
492 19
493 15
494 1
495 2
496 12
497 9
498 9
499 18
500 2
501 12
502 13
503 3
504 9
505 12
506 19
507 8
508 14
509 14
510 3
511 19
512 14
513 3
514 18
515 19
516 17
517 7
518 4
519 6
520 20
521 19
522 11
523 19
524 5
525 1
526 19
527 5
528 2
529 12
530 17
531 14
532 8
533 13
534 13
535 13
536 9
537 6
538 19
539 3
540 6
541 17
542 2
543 19
544 20
545 7
546 11
547 10
548 1
549 8
550 12
551 9
552 19
553 7
554 16
555 1
556 15
557 5
558 10
559 3
560 7
561 14
562 4
563 17
564 10
565 16
566 6
567 1
568 4
569 16
570 11
571 8
572 5
573 14
574 13
575 2
576 14
577 13
578 10
579 9
580 5
581 15
582 3
583 20
584 10
585 8
586 7
587 19
588 1
589 17
590 20
591 14
592 12
593 18
594 11
595 13
596 19
597 12
598 17
599 11
600 9
601 14
602 18
603 1
604 11
605 16
606 6
607 9
608 16
609 20
610 13
611 2
612 16
613 1
614 16
615 4
616 16
617 10
618 6
619 16
620 17
621 20
622 12
623 16
624 9
625 6
626 19
627 1
628 13
629 19
630 1
631 11
632 17
633 8
634 18
635 9
636 15
637 4
638 17
639 11
640 3
641 8
642 6
643 18
644 18
645 5
646 20
647 3
648 1
649 18
650 17
651 19
652 4
653 19
654 9
655 2
656 4
657 11
658 17
659 5
660 5
661 19
662 10
663 14
664 11
665 7
666 2
667 2
668 8
669 18
670 12
671 2
672 10
673 19
674 3
675 7
676 14
677 19
678 15
679 15
680 11
681 5
682 18
683 16
684 15
685 19
686 4
687 19
688 16
689 17
690 7
691 19
692 18
693 1
694 11
695 2
696 8
697 11
698 17
699 18
700 14
701 17
702 16
703 2
704 14
705 2
706 14
707 1
708 16
709 17
710 10
711 6
712 1
713 9
714 13
715 9
716 20
717 17
718 2
719 3
720 9
721 19
722 2
723 16
724 12
725 17
726 12
727 12
728 8
729 18
730 19
731 20
732 19
733 5
734 2
735 11
736 16
737 17
738 9
739 19
740 19
741 3
742 17
743 1
744 8
745 8
746 20
747 1
748 6
749 12
750 2
751 17
752 2
753 5
754 6
755 16
756 15
757 6
758 11
759 4
760 16
761 8
762 11
763 19
764 14
765 3
766 2
767 18
768 19
769 1
770 20
771 13
772 9
773 20
774 18
775 3
776 11
777 6
778 18
779 4
780 10
781 5
782 9
783 1
784 11
785 10
786 9
787 15
788 10
789 9
790 3
791 12
792 1
793 11
794 17
795 17
796 16
797 4
798 2
799 10
800 2
801 14
802 14
803 13
804 18
805 19
806 11
807 20
808 17
809 5
810 16
811 5
812 11
813 2
814 13
815 19
816 1
817 16
818 7
819 14
820 12
821 1
822 17
823 17
824 4
825 19
826 4
827 13
828 10
829 15
830 7
831 12
832 8
833 2
834 8
835 20
836 13
837 16
838 14
839 6
840 20
841 1
842 19
843 20
844 12
845 20
846 6
847 18
848 6
849 1
850 4
851 13
852 3
853 17
854 9
855 4
856 7
857 17
858 6
859 1
860 7
861 18
862 14
863 19
864 19
865 3
866 19
867 19
868 19
869 14
870 1
