1 6
2 19
3 12
4 3
5 14
6 14
7 18
8 15
9 19
10 12
11 14
12 14
13 5
14 4
15 5
16 14
17 17
18 20
19 11
20 20
21 20
22 17
23 18
24 9
25 18
26 1
27 5
28 2
29 20
30 17
31 13
32 7
33 4
34 5
35 8
36 14
37 6
38 2
39 2
40 16
41 2
42 2
43 12
44 15
45 10
46 6
47 8
48 18
49 13
50 14
51 9
52 3
53 13
54 17
55 10
56 9
57 5
58 12
59 7
60 16
61 19
62 10
63 16
64 10
65 4
66 12
67 10
68 12
69 11
70 3
71 9
72 7
73 10
74 7
75 13
76 5
77 6
78 15
79 19
80 2
81 18
82 15
83 19
84 16
85 11
86 1
87 12
88 2
89 13
90 11
91 20
92 8
93 9
94 5
95 10
96 1
97 1
98 3
99 9
100 2
101 10
102 10
103 3
104 18
105 19
106 4
107 2
108 10
109 16
110 8
111 7
112 11
113 11
114 3
115 7
116 14
117 8
118 4
119 13
120 13
121 9
122 4
123 16
124 14
125 5
126 19
127 19
128 16
129 6
130 19
131 15
132 2
133 13
134 15
135 12
136 10
137 2
138 14
139 8
140 13
141 17
142 11
143 5
144 5
145 16
146 18
147 3
148 6
149 8
150 7
151 13
152 20
153 1
154 16
155 6
156 15
157 12
158 10
159 8
160 17
161 20
162 8
163 12
164 19
165 17
166 15
167 17
168 19
169 13
170 17
171 2
172 14
173 17
174 11
175 12
176 4
177 16
178 6
179 5
180 8
181 3
182 4
183 17
184 14
185 14
186 13
187 16
188 20
189 13
190 3
191 3
192 3
193 3
194 14
195 9
196 18
197 14
198 14
199 5
200 11
201 11
202 15
203 1
204 15
205 10
206 2
207 17
208 5
209 16
210 15
211 5
212 12
213 19
214 12
215 14
216 4
217 14
218 16
219 12
220 1
221 6
222 8
223 9
224 5
225 5
226 11
227 9
228 17
229 9
230 7
231 20
232 2
233 5
234 2
235 20
236 19
237 18
238 12
239 5
240 19
241 1
242 5
243 2
244 1
245 12
246 8
247 5
248 5
249 17
250 18
251 14
252 12
253 14
254 14
255 9
256 16
257 5
258 3
259 20
260 1
261 5
262 5
263 14
264 8
265 5
266 17
267 20
268 2
269 14
270 14
271 19
272 5
273 18
274 9
275 11
276 5
277 1
278 11
279 16
280 18
281 20
282 16
283 6
284 2
285 10
286 17
287 14
288 9
289 12
290 3
291 14
292 3
293 17
294 3
295 5
296 7
297 19
298 7
299 2
300 15
301 9
302 19
303 9
304 6
305 8
306 2
307 13
308 16
309 19
310 11
311 13
312 19
313 17
314 4
315 9
316 18
317 19
318 3
319 19
320 12
321 12
322 20
323 20
324 16
325 9
326 19
327 4
328 2
329 15
330 12
331 10
332 13
333 2
334 1
335 9
336 8
337 20
338 17
339 20
340 19
341 18
342 19
343 18
344 17
345 9
346 8
347 15
348 11
349 8
350 13
351 8
352 1
353 12
354 18
355 1
356 11
357 5
358 15
359 13
360 20
361 16
362 6
363 6
364 17
365 12
366 7
367 19
368 16
369 1
370 20
371 4
372 17
373 10
374 4
375 2
376 9
377 3
378 3
379 16
380 1
381 16
382 11
383 11
384 19
385 4
386 14
387 12
388 11
389 3
390 1
391 11
392 16
393 16
394 18
395 17
396 16
397 13
398 3
399 8
400 20
401 18
402 18
403 5
404 1
405 15
406 12
407 13
408 20
409 13
410 3
411 10
412 16
413 6
414 17
415 8
416 2
417 12
418 11
419 19
420 19
421 16
422 11
423 6
424 19
425 7
426 16
427 5
428 8
429 20
430 15
431 3
432 13
433 4
434 3
435 5
436 6
437 2
438 6
439 5
440 9
441 18
442 20
443 11
444 15
445 1
446 2
447 13
448 7
449 13
450 6
451 20
452 20
453 6
454 10
455 16
456 1
457 2
458 18
459 10
460 8
461 4
462 19
463 5
464 12
465 5
466 7
467 19
468 20
469 6
470 16
471 6
472 13
473 9
474 9
475 12
476 2
477 8
478 15
479 14
480 2
481 2
482 4
483 9
484 10
485 1
486 4
487 17
488 11
489 8
490 10
491 2
492 4
493 9
494 4
495 20
496 20
497 13
498 10
499 5
500 3
501 5
502 9
503 13
504 6
505 2
506 16
507 4
508 11
509 2
510 12
511 13
512 20
513 3
514 8
515 4
516 16
517 18
518 4
519 16
520 6
521 15
522 9
523 3
524 18
525 16
526 7
527 12
528 5
529 11
530 16
531 10
532 13
533 11
534 2
535 9
536 7
537 6
538 5
539 16
540 9
541 4
542 4
543 8
544 16
545 17
546 9
547 4
548 4
549 11
550 2
551 20
552 13
553 16
554 5
555 2
556 2
557 18
558 14
559 6
560 18
561 10
562 3
563 17
564 3
565 1
566 8
567 15
568 3
569 3
570 15
571 15
572 1
573 4
574 5
575 1
576 3
577 9
578 16
579 9
580 6
581 12
582 2
583 20
584 11
585 8
586 16
587 4
588 8
589 10
590 16
591 13
592 1
593 10
594 6
595 5
596 5
597 11
598 13
599 16
600 6
601 19
602 10
603 12
604 7
605 1
606 9
607 16
608 1
609 9
610 6
611 13
612 12
613 17
614 11
615 8
616 18
617 6
618 6
619 11
620 12
621 1
622 20
623 3
624 1
625 19
626 3
627 3
628 20
629 15
630 7
631 16
632 11
633 11
634 15
635 13
636 3
637 5
638 12
639 6
640 18
641 6
642 18
643 16
644 12
645 17
646 1
647 2
648 7
649 1
650 16
651 17
652 9
653 16
654 11
655 2
656 5
657 10
658 6
659 13
660 7
661 19
662 14
663 2
664 7
665 13
666 17
667 4
668 12
669 8
670 9
671 2
672 6
673 6
674 15
675 17
676 3
677 1
678 20
679 10
680 11
681 15
682 1
683 15
684 1
685 11
686 15
687 19
688 13
689 15
690 17
691 12
692 8
693 20
694 18
695 20
696 15
697 20
698 17
699 18
700 6
701 4
702 17
703 14
704 19
705 14
706 14
707 4
708 2
709 15
710 10
711 14
712 6
713 4
714 8
715 17
716 19
717 6
718 4
719 15
720 7
721 1
722 8
723 18
724 17
725 4
726 9
727 4
728 2
729 18
730 18
731 8
732 2
733 14
734 3
735 13
736 16
737 5
738 3
739 8
740 5
741 15
742 6
743 19
744 8
745 11
746 9
747 7
748 15
749 11
750 18
751 1
752 1
753 10
754 2
755 7
756 1
757 14
758 5
759 17
760 8
761 1
762 19
763 14
764 15
765 10
766 5
767 6
768 19
769 6
770 8
771 14
772 7
773 16
774 18
775 19
776 2
777 17
778 10
779 15
780 4
781 5
782 10
783 16
784 7
785 12
786 5
787 2
788 16
789 10
790 8
791 8
792 11
793 10
794 7
795 13
796 4
797 20
798 5
799 2
800 7
801 18
802 1
803 5
804 9
805 20
806 17
807 13
808 6
809 6
810 5
811 11
812 2
813 16
814 17
815 11
816 20
817 6
818 1
819 14
820 8
821 10
822 4
823 16
824 20
825 5
826 11
827 4
828 14
829 15
830 6
831 14
832 11
833 4
834 1
835 8
836 11
837 6
838 17
839 4
840 9
841 9
842 10
843 5
844 9
845 4
846 3
847 16
848 15
849 8
850 5
851 8
852 5
853 2
854 12
855 18
856 18
857 17
858 1
859 1
860 20
861 13
862 1
863 12
864 14
865 18
866 14
867 13
868 12
869 4
870 19
