1 8
2 6
3 18
4 15
5 17
6 4
7 19
8 19
9 16
10 9
11 20
12 16
13 9
14 2
15 20
16 1
17 8
18 12
19 7
20 3
21 8
22 10
23 1
24 8
25 18
26 10
27 6
28 18
29 2
30 18
31 9
32 14
33 15
34 13
35 18
36 10
37 19
38 7
39 18
40 7
41 19
42 7
43 1
44 8
45 14
46 19
47 17
48 7
49 1
50 17
51 9
52 6
53 12
54 11
55 2
56 9
57 9
58 9
59 20
60 2
61 18
62 6
63 19
64 14
65 14
66 12
67 9
68 7
69 1
70 16
71 15
72 4
73 20
74 9
75 12
76 13
77 8
78 19
79 12
80 5
81 13
82 13
83 3
84 1
85 13
86 16
87 9
88 5
89 8
90 8
91 12
92 11
93 7
94 1
95 1
96 4
97 7
98 11
99 4
100 1
101 12
102 9
103 10
104 11
105 12
106 9
107 19
108 17
109 11
110 5
111 8
112 8
113 16
114 17
115 15
116 7
117 17
118 13
119 20
120 13
121 1
122 3
123 14
124 2
125 20
126 19
127 12
128 14
129 16
130 11
131 20
132 11
133 10
134 18
135 8
136 1
137 5
138 5
139 10
140 9
141 12
142 11
143 16
144 13
145 7
146 1
147 1
148 10
149 4
150 1
151 11
152 12
153 14
154 18
155 9
156 20
157 3
158 12
159 19
160 13
161 14
162 8
163 5
164 10
165 4
166 3
167 15
168 16
169 20
170 20
171 3
172 13
173 16
174 5
175 20
176 2
177 7
178 12
179 15
180 11
181 11
182 13
183 14
184 14
185 10
186 16
187 13
188 7
189 11
190 17
191 13
192 6
193 6
194 7
195 3
196 8
197 14
198 11
199 6
200 5
201 11
202 15
203 3
204 7
205 13
206 19
207 2
208 4
209 1
210 8
211 4
212 11
213 11
214 4
215 10
216 12
217 17
218 15
219 2
220 6
221 7
222 16
223 6
224 8
225 13
226 14
227 3
228 20
229 18
230 1
231 9
232 2
233 16
234 2
235 13
236 18
237 19
238 16
239 19
240 7
241 7
242 5
243 6
244 2
245 20
246 13
247 11
248 16
249 4
250 3
251 19
252 11
253 1
254 14
255 20
256 7
257 2
258 16
259 3
260 20
261 8
262 19
263 17
264 18
265 11
266 17
267 6
268 13
269 14
270 9
271 18
272 8
273 20
274 17
275 17
276 11
277 3
278 19
279 17
280 20
281 16
282 8
283 6
284 17
285 1
286 6
287 11
288 11
289 17
290 7
291 15
292 7
293 14
294 18
295 1
296 19
297 4
298 6
299 9
300 1
301 20
302 18
303 11
304 3
305 17
306 13
307 11
308 7
309 4
310 7
311 18
312 5
313 14
314 14
315 13
316 6
317 4
318 10
319 19
320 11
321 13
322 1
323 17
324 4
325 10
326 16
327 1
328 1
329 12
330 18
331 9
332 11
333 9
334 7
335 5
336 2
337 15
338 7
339 14
340 19
341 19
342 2
343 3
344 13
345 17
346 6
347 17
348 6
349 6
350 10
351 14
352 3
353 2
354 4
355 18
356 17
357 12
358 19
359 10
360 11
361 9
362 7
363 16
364 5
365 9
366 15
367 11
368 7
369 4
370 20
371 13
372 12
373 11
374 9
375 12
376 14
377 2
378 12
379 7
380 8
381 7
382 17
383 8
384 20
385 9
386 12
387 4
388 14
389 13
390 10
391 7
392 19
393 8
394 20
395 17
396 1
397 2
398 19
399 15
400 17
401 10
402 9
403 1
404 10
405 12
406 15
407 18
408 11
409 9
410 19
411 11
412 16
413 18
414 19
415 17
416 15
417 9
418 11
419 3
420 15
421 5
422 10
423 13
424 2
425 12
426 6
427 18
428 3
429 16
430 10
431 13
432 2
433 19
434 4
435 8
436 11
437 1
438 20
439 9
440 1
441 18
442 14
443 18
444 11
445 4
446 19
447 12
448 5
449 2
450 7
451 9
452 14
453 11
454 2
455 9
456 13
457 4
458 20
459 2
460 4
461 1
462 3
463 19
464 7
465 3
466 8
467 3
468 10
469 6
470 11
471 13
472 4
473 15
474 17
475 10
476 18
477 3
478 1
479 10
480 17
481 14
482 20
483 3
484 4
485 3
486 1
487 18
488 16
489 15
490 17
491 7
492 12
493 3
494 10
495 6
496 12
497 15
498 16
499 5
500 9
501 10
502 3
503 18
504 11
505 5
506 18
507 3
508 8
509 3
510 17
511 16
512 12
513 15
514 16
515 20
516 20
517 2
518 7
519 1
520 5
521 5
522 20
523 8
524 14
525 3
526 1
527 13
528 7
529 18
530 2
531 10
532 3
533 2
534 18
535 1
536 15
537 2
538 4
539 18
540 5
541 16
542 8
543 10
544 20
545 19
546 10
547 7
548 13
549 4
550 14
551 14
552 18
553 6
554 1
555 4
556 3
557 8
558 12
559 11
560 18
561 14
562 7
563 2
564 7
565 3
566 16
567 10
568 12
569 11
570 5
571 7
572 13
573 10
574 2
575 8
576 3
577 9
578 2
579 11
580 18
581 9
582 12
583 12
584 17
585 20
586 19
587 20
588 19
589 10
590 18
591 13
592 13
593 1
594 18
595 5
596 15
597 6
598 14
599 8
600 13
601 4
602 12
603 16
604 16
605 19
606 9
607 16
608 19
609 1
610 4
611 12
612 9
613 18
614 11
615 4
616 4
617 13
618 15
619 18
620 17
621 10
622 8
623 3
624 14
625 1
626 8
627 2
628 10
629 18
630 17
631 17
632 17
633 7
634 5
635 11
636 4
637 15
638 12
639 20
640 1
641 4
642 17
643 12
644 7
645 14
646 17
647 8
648 9
649 20
650 16
651 13
652 4
653 1
654 3
655 20
656 4
657 9
658 13
659 5
660 10
661 9
662 20
663 17
664 5
665 10
666 8
667 12
668 4
669 3
670 9
671 10
672 19
673 5
674 1
675 7
676 8
677 18
678 15
679 7
680 15
681 15
682 5
683 15
684 20
685 9
686 5
687 11
688 17
689 14
690 12
691 1
692 4
693 2
694 15
695 17
696 7
697 2
698 11
699 15
700 18
701 6
702 18
703 20
704 1
705 6
706 13
707 5
708 16
709 16
710 12
711 2
712 12
713 16
714 7
715 17
716 14
717 14
718 5
719 19
720 9
721 4
722 17
723 18
724 11
725 17
726 20
727 9
728 2
729 17
730 6
731 14
732 15
733 13
734 17
735 5
736 7
737 10
738 8
739 13
740 2
741 10
742 8
743 7
744 15
745 1
746 12
747 2
748 1
749 17
750 2
751 7
752 7
753 5
754 13
755 16
756 6
757 14
758 16
759 3
760 1
761 1
762 7
763 4
764 7
765 13
766 11
767 14
768 2
769 3
770 19
771 16
772 6
773 7
774 13
775 18
776 2
777 20
778 1
779 2
780 20
781 3
782 2
783 14
784 12
785 9
786 12
787 11
788 11
789 14
790 7
791 16
792 2
793 16
794 18
795 10
796 12
797 9
798 5
799 4
800 1
801 6
802 10
803 8
804 9
805 5
806 2
807 2
808 14
809 4
810 17
811 4
812 9
813 18
814 15
815 16
816 7
817 2
818 2
819 16
820 19
821 17
822 4
823 11
824 6
825 18
826 1
827 19
828 6
829 17
830 19
831 1
832 5
833 14
834 7
835 3
836 4
837 11
838 14
839 20
840 4
841 6
842 12
843 11
844 12
845 15
846 2
847 9
848 20
849 10
850 18
851 18
852 18
853 14
854 10
855 6
856 5
857 19
858 6
859 2
860 20
861 10
862 15
863 14
864 12
865 17
866 16
867 20
868 8
869 12
870 20
